Ortholog	Type	Chr	avgGC	TajimasD	Pi_anserina	piN	piS	piNpiS	sites_S	num_sites_S	sites_NS	num_sites_NS	N_seqs	nseff	lseff
Pa_0_80	Random	6	0.560176	NA	0.00000000	0.000000	0.000000	0.000000	0	364	0	1223	13	13.000000	1587
Pa_1_10380	Random	1	0.616833	-1.468006	0.00017037	0.000113	0.000343	0.330173	0	448	0	1358	13	13.000000	1806
Pa_1_11160	Random	1	0.525155	-1.468006	0.00019425	0.000249	0.000000	NA	0	348	0	1236	13	13.000000	1584
Pa_1_13070	Random	1	0.609489	NA	0.00000000	0.000000	0.000000	0.000000	0	393	0	1251	13	13.000000	1644
Pa_1_13790	Random	1	0.560140	NA	0.00000000	0.000000	0.000000	0.000000	0	305	0	1018	13	12.913832	1323
Pa_1_15090	Random	1	0.542096	NA	0.00000000	0.000000	0.000000	0.000000	0	267	0	897	13	13.000000	1164
Pa_1_15780	Random	1	0.559671	-1.149147	0.00012662	0.000165	0.000000	NA	0	282	0	933	13	13.000000	1215
Pa_1_15810	Random	1	0.573298	NA	0.00000000	0.000000	0.000000	0.000000	0	245	0	901	13	13.000000	1146
Pa_1_16990	Random	1	0.599768	-1.652312	0.00016943	0.000074	0.000482	0.153205	0	639	0	2085	13	13.000000	2724
Pa_1_19800	Random	1	0.575451	0.454677	0.00045109	0.000591	0.000000	NA	0	767	1	2473	13	13.000000	3240
Pa_1_19870	Random	1	0.578909	-1.149147	0.00011346	0.000000	0.000427	0.000000	0	360	0	996	13	13.000000	1356
Pa_1_2130	Random	1	0.552173	-1.233005	0.00016874	0.000113	0.000366	0.308797	0	771	0	2724	13	13.000000	3495
Pa_1_21770	Random	1	0.526848	-1.962871	0.00578180	0.004286	0.010742	0.398996	3	236	3	784	13	13.000000	1020
Pa_1_23870	Random	1	0.511966	-1.468006	0.00013675	0.000089	0.000298	0.297789	0	516	0	1734	13	13.000000	2250
Pa_1_24450	Random	1	0.533900	-1.652312	0.00014446	0.000189	0.000000	NA	0	757	0	2438	13	12.999687	3195
Pa_1_2740	Random	1	0.559697	NA	0.00000000	0.000000	0.000000	0.000000	0	420	0	1431	13	13.000000	1851
Pa_1_410	Random	1	0.558893	-1.684884	0.00043209	0.000482	0.000350	1.375148	0	571	1	1862	13	12.998356	2433
Pa_1_5130	Random	1	0.537373	0.425595	0.00023654	0.000304	0.000000	NA	0	363	0	1263	13	13.000000	1626
Pa_1_5700	Random	1	0.540754	0.127042	0.00078431	0.000606	0.001356	0.447140	1	605	1	1945	13	13.000000	2550
Pa_2_10990	Random	2	0.600440	-1.468006	0.00030344	0.000204	0.000589	0.347210	0	261	0	753	13	13.000000	1014
Pa_2_11200	Random	2	0.568000	NA	0.00000000	0.000000	0.000000	0.000000	0	259	0	866	13	13.000000	1125
Pa_2_1170	Random	2	0.557047	NA	0.00000000	0.000000	0.000000	0.000000	0	324	0	1017	13	13.000000	1341
Pa_2_13990	Random	2	0.544151	-1.149147	0.00008127	0.000000	0.000353	0.000000	0	436	0	1457	13	13.000000	1893
Pa_2_14140	Random	2	0.586888	NA	0.00000000	0.000000	0.000000	0.000000	0	307	0	959	13	13.000000	1266
Pa_2_3000	Random	2	0.576774	NA	0.00000000	0.000000	0.000000	0.000000	0	490	0	1568	13	13.000000	2058
Pa_2_3545	Random	2	0.542961	-1.149147	0.00011271	0.000000	0.000503	0.000000	0	306	0	1059	13	12.951648	1365
Pa_2_7080	Random	2	0.529081	NA	0.00000000	0.000000	0.000000	0.000000	0	370	0	1229	13	13.000000	1599
Pa_2_7130	Random	2	0.551845	-1.468006	0.00009013	0.000060	0.000177	0.341130	0	868	0	2546	13	13.000000	3414
Pa_2_800	Random	2	0.567627	-1.149147	0.00004731	0.000000	0.000195	0.000000	0	789	0	2463	13	13.000000	3252
Pa_2_8165	Random	2	0.522393	-1.652312	0.00022792	0.000201	0.000313	0.640112	0	491	0	1534	13	13.000000	2025
Pa_2_9380	Random	2	0.601700	0.096644	0.00024969	0.000000	0.001076	0.000000	1	620	0	2050	13	13.000000	2670
Pa_2_9940	Random	2	0.587739	1.661294	0.00078593	0.000501	0.001819	0.275500	1	282	1	1023	13	13.000000	1305
Pa_3_11050	Random	3	0.530522	NA	0.00000000	0.000000	0.000000	0.000000	0	1074	0	3693	13	13.000000	4767
Pa_3_11150	Random	3	0.562150	0.096644	0.00028201	0.000370	0.000000	NA	0	560	1	1804	13	13.000000	2364
Pa_3_11440	Random	3	0.579817	-1.684884	0.00025679	0.000239	0.000314	0.760300	0	979	1	3113	13	13.000000	4094
Pa_3_11500	Random	3	0.563176	-1.468006	0.00010899	0.000000	0.000442	0.000000	0	696	0	2127	13	13.000000	2823
Pa_3_1600	Random	3	0.568350	NA	0.00000000	0.000000	0.000000	0.000000	0	787	0	2600	13	13.000000	3387
Pa_3_2640	Random	3	0.530253	-1.512966	0.00055006	0.000480	0.000775	0.619387	0	287	0	925	9	9.000000	1212
Pa_3_4200	Random	3	0.582621	NA	0.00000000	0.000000	0.000000	0.000000	0	316	0	1088	13	13.000000	1404
Pa_3_4260	Random	3	0.580623	-1.451383	0.00011659	0.000077	0.000242	0.317714	0	689	0	2170	12	12.000000	2859
Pa_3_5080	Random	3	0.539183	-0.462159	0.00024060	0.000000	0.001102	0.000000	1	489	0	1749	13	13.000000	2238
Pa_3_5390	Random	3	0.544242	-1.149147	0.00014821	0.000000	0.000655	0.000000	0	235	0	803	13	13.000000	1038
Pa_3_5460	Random	3	0.538101	-0.394391	0.00049570	0.000000	0.002105	0.000000	1	402	0	1305	13	13.000000	1707
Pa_3_5540	Random	3	0.503144	-1.149147	0.00009824	0.000127	0.000000	NA	0	359	0	1207	13	13.000000	1566
Pa_3_7600	Random	3	0.564706	NA	0.00000000	0.000000	0.000000	0.000000	0	349	0	1181	13	13.000000	1530
Pa_3_8350	Random	3	0.540704	-0.829057	0.00058415	0.000424	0.001092	0.388697	0	399	1	1269	13	12.998201	1668
Pa_3_8630	Random	3	0.593200	-1.149147	0.00012569	0.000000	0.000491	0.000000	0	313	0	911	13	13.000000	1224
Pa_3_9200	Random	3	0.589021	NA	0.00000000	0.000000	0.000000	0.000000	0	472	0	1550	13	13.000000	2022
Pa_4_1100	Random	4	0.583078	-1.831414	0.00085957	0.000619	0.001635	0.378590	1	376	1	1202	13	13.000000	1581
Pa_4_2540	Random	4	0.579041	NA	0.00000000	0.000000	0.000000	0.000000	0	411	0	1278	13	13.000000	1689
Pa_4_280	Random	4	0.506623	NA	0.00000000	0.000000	0.000000	0.000000	0	404	0	1408	13	13.000000	1812
Pa_4_290	Random	4	0.609428	NA	0.00000000	0.000000	0.000000	0.000000	0	290	0	898	13	13.000000	1188
Pa_4_3470	Random	4	0.568906	-1.863114	0.00067654	0.000353	0.001737	0.203290	0	266	0	871	13	13.000000	1137
Pa_4_7380	Random	4	0.564345	-1.149147	0.00004842	0.000000	0.000207	0.000000	0	744	0	2433	13	13.000000	3177
Pa_4_7600	Random	4	0.573450	-1.468006	0.00015017	0.000100	0.000300	0.333984	0	513	0	1536	13	13.000000	2049
Pa_5_10620	Random	5	0.483765	-1.652312	0.00018625	0.000241	0.000000	NA	0	561	0	1917	13	13.000000	2478
Pa_5_10740	Random	5	0.538080	1.300452	0.00050875	0.000000	0.002236	0.000000	1	229	0	779	13	13.000000	1008
Pa_5_11550	Random	5	0.607239	-0.394391	0.00077915	0.000000	0.003601	0.000000	1	235	0	851	13	13.000000	1086
Pa_5_11813	Random	5	0.502937	0.950509	0.00023815	0.000306	0.000000	NA	0	432	0	1506	13	13.000000	1938
Pa_5_12300	Random	5	0.525840	-1.149147	0.00013286	0.000176	0.000000	NA	0	282	0	873	13	13.000000	1158
Pa_5_1270	Random	5	0.597454	-1.468006	0.00023908	0.000156	0.000511	0.305308	0	301	0	986	13	13.000000	1287
Pa_5_140	Random	5	0.555556	NA	0.00000000	0.000000	0.000000	0.000000	0	344	0	1258	13	13.000000	1602
Pa_5_1750	Random	5	0.570134	-1.149147	0.00006186	0.000000	0.000270	0.000000	0	571	0	1916	13	13.000000	2487
Pa_5_2690	Random	5	0.536677	NA	0.00000000	0.000000	0.000000	0.000000	0	670	0	2261	13	13.000000	2931
Pa_5_3030	Random	5	0.515021	NA	0.00000000	0.000000	0.000000	0.000000	0	400	0	1295	13	13.000000	1695
Pa_5_3840	Random	5	0.609996	-0.462159	0.00049858	0.000000	0.002047	0.000000	1	263	0	823	13	13.000000	1080
Pa_5_4730	Random	5	0.550889	NA	0.00000000	0.000000	0.000000	0.000000	0	413	0	1444	13	13.000000	1857
Pa_5_5570	Random	5	0.552642	-1.149147	0.00006112	0.000081	0.000000	NA	0	624	0	1893	13	13.000000	2517
Pa_5_5690	Random	5	0.600310	-1.149147	0.00014779	0.000000	0.000607	0.000000	0	253	0	788	13	13.000000	1041
Pa_5_6300	Random	5	0.557462	-1.149147	0.00004190	0.000000	0.000184	0.000000	0	837	0	2835	13	13.000000	3672
Pa_5_670	Random	5	0.565093	-1.149147	0.00011005	0.000000	0.000503	0.000000	0	306	0	1092	13	13.000000	1398
Pa_5_6830	Random	5	0.577106	-1.850407	0.00022486	0.000164	0.000418	0.391951	1	2886	1	9087	13	13.000000	11973
Pa_5_7040	Random	5	0.599068	-1.149147	0.00013320	0.000173	0.000000	NA	0	266	0	889	13	13.000000	1155
Pa_5_8380	Random	5	0.567541	-1.468006	0.00005230	0.000000	0.000234	0.000000	0	1314	0	4569	13	13.000000	5883
Pa_6_10690	Random	6	0.550943	-0.478252	0.00051605	0.000675	0.000000	NA	0	375	1	1215	13	13.000000	1590
Pa_6_10850	Random	6	0.531291	0.950509	0.00019207	0.000250	0.000000	NA	0	554	0	1849	13	13.000000	2403
Pa_6_1210	Random	6	0.562929	NA	0.00000000	0.000000	0.000000	0.000000	0	614	0	2008	13	13.000000	2622
Pa_6_2760	Random	6	0.560459	-1.149147	0.00013495	0.000175	0.000000	NA	0	263	0	877	13	13.000000	1140
Pa_6_3070	Random	6	0.531130	-1.149147	0.00007368	0.000095	0.000000	NA	0	468	0	1620	13	13.000000	2088
Pa_6_3220	Random	6	0.556094	-0.126877	0.00053839	0.000000	0.002112	0.000000	1	291	0	852	13	13.000000	1143
Pa_6_3340	Random	6	0.567592	2.121452	0.00077143	0.000339	0.002128	0.159309	1	506	1	1588	13	13.000000	2094
Pa_6_4130	Random	6	0.528955	NA	0.00000000	0.000000	0.000000	0.000000	0	339	0	1077	13	13.000000	1416
Pa_6_4250	Random	6	0.575340	0.950509	0.00017113	0.000225	0.000000	NA	0	648	0	2049	13	13.000000	2697
Pa_6_5720	Random	6	0.584585	-1.652312	0.00015024	0.000132	0.000208	0.635373	0	741	0	2331	13	13.000000	3072
Pa_6_5880	Random	6	0.570635	-0.274290	0.00022385	0.000289	0.000000	NA	0	285	0	975	13	13.000000	1260
Pa_6_6010	Random	6	0.581560	NA	0.00000000	0.000000	0.000000	0.000000	0	209	0	637	13	13.000000	846
Pa_6_6860	Random	6	0.598885	-0.394391	0.00081754	0.000000	0.003367	0.000000	1	251	0	784	13	13.000000	1035
Pa_6_7100	Random	6	0.557767	-0.126877	0.00059630	0.000000	0.002600	0.000000	1	237	0	795	13	13.000000	1032
Pa_6_7770	Random	6	0.542531	0.950509	0.00023705	0.000315	0.000000	NA	0	482	0	1465	13	13.000000	1947
Pa_6_8460	Random	6	0.556847	-1.149147	0.00008245	0.000000	0.000354	0.000000	0	435	0	1431	13	13.000000	1866
Pa_7_11300	Random	7	0.579710	NA	0.00000000	0.000000	0.000000	0.000000	0	352	0	1235	13	13.000000	1587
Pa_7_11560	Random	7	0.553119	-1.149147	0.00010216	0.000136	0.000000	NA	0	372	0	1134	13	12.988048	1506
Pa_7_2690	Random	7	0.544417	NA	0.00000000	0.000000	0.000000	0.000000	0	557	0	1897	13	13.000000	2454
Pa_7_2990	Random	7	0.560101	1.416234	0.00388650	0.002914	0.005253	0.554749	2	366	3	1188	13	13.000000	1557
Pa_7_3720	Random	7	0.516963	-1.149147	0.00008721	0.000113	0.000000	NA	0	405	0	1359	13	13.000000	1764
Pa_7_4040	Random	7	0.500661	-1.233005	0.00019502	0.000130	0.000423	0.308165	0	666	0	2358	13	13.000000	3024
Pa_7_4900	Random	7	0.558923	NA	0.00000000	0.000000	0.000000	0.000000	0	348	0	1137	13	13.000000	1485
Pa_7_7260	Random	7	0.587555	NA	0.00000000	0.000000	0.000000	0.000000	0	777	0	2421	13	13.000000	3198
Pa_7_9193	Random	7	0.595012	-0.015427	0.00267102	0.002638	0.002728	0.967111	1	478	4	1331	13	12.845258	1803
Pa_7_9920	Random	7	0.578089	1.300452	0.00035318	0.000464	0.000000	NA	0	347	1	1105	13	13.000000	1452
nwd5	NLR_HIC	5	0.492929	2.712337	0.02188973	0.016692	0.026603	0.627433	16	605	35	2071	13	13.000000	2676
nwd2	NLR_HIC	3	0.522216	2.952400	0.01002372	0.009802	0.009409	1.041747	4	401	13	1318	13	12.987784	1719
nwd3	NLR_HIC	5	0.515010	1.498229	0.00117203	0.000580	0.003081	0.188074	2	549	1	1770	13	13.000000	2319
nwd1	NLR_HIC	3	0.537206	-0.126877	0.00023908	0.000078	0.000766	0.101843	0	602	0	1972	13	13.000000	2574
het-e	NLR_HIC	4	0.506272	1.759121	0.00345770	0.002501	0.005766	0.433831	3	538	5	1835	13	13.000000	2373
hnwd3	NLR_HIC	7	0.494975	-1.468006	0.00012885	0.000000	0.000569	0.000000	0	541	0	1847	13	13.000000	2388
nwd6	NLR_HIC	5	0.469830	-0.271909	0.09386659	0.054986	0.104780	0.524770	60	572	102	1852	13	13.000000	2811
nwdp-2	NLR_HIC	3	0.277512	0.687670	0.09969816	0.061704	0.113660	0.542880	63	552	125	2022	11	10.690502	2811
het-d	NLR_HIC	2	0.501461	-1.676624	0.00325027	0.002282	0.005623	0.405835	3	520	4	1820	13	13.000000	2343
hnwd1	NLR_HIC	4	0.498945	-0.429963	0.00085690	0.000929	0.000600	1.549820	0	513	2	1821	13	13.000000	2334
het-r	NLR_HIC	2	0.512587	-1.149147	0.00006660	0.000000	0.000290	0.000000	0	530	0	1780	13	13.000000	2310
Pa_2_8180	NLR_HIC	2	0.518234	1.787398	0.01200726	0.009444	0.015324	0.616332	10	632	20	2107	13	12.508599	2733
Pa_3_8560	NLR_HIC	3	0.527620	0.809491	0.00342263	0.001403	0.010173	0.137958	6	618	3	2064	13	13.000000	2682
Pa_6_7270	NLR_HIC	6	0.501588	-0.626362	0.00035868	0.000274	0.000638	0.428699	0	683	1	2248	13	13.000000	2931
Pa_7_10370	NLR_HIC	7	0.492648	-1.182279	0.00029448	0.000218	0.000554	0.393515	0	833	1	2824	13	13.000000	3657
Pa_2_10340	NLR_HIC	2	0.538773	0.143271	0.00644293	0.004027	0.011841	0.340081	6	466	6	1496	13	12.987768	1962
Pa_6_7950+Pa_6_7955	NLR_HIC	6	0.514103	-1.068806	0.00053724	0.000191	0.001681	0.113524	1	488	0	1612	13	13.000000	2100
PaPnt1	NLR_HIC	5	0.550919	-0.681716	0.00399129	0.003266	0.003732	0.874904	2	440	5	1468	13	13.000000	1908
Pa_7_3550	NLR_HIC	7	0.533560	-1.149147	0.00006669	0.000000	0.000289	0.000000	0	533	0	1774	13	13.000000	2307
Pa_6_8850+Pa_6_8860	NLR_HIC	6	0.548596	-0.829057	0.00042791	0.000472	0.000287	1.645257	0	537	1	1740	13	13.000000	2277
PaFnt1	NLR_HIC	3	0.573379	1.614297	0.01197863	0.006356	0.028101	0.226198	9	337	7	1130	13	12.934560	1467
Pa_3_8170	NLR_HIC	3	0.518395	2.666138	0.12170444	0.067923	0.104169	0.652040	61	581	130	1909	13	12.773881	2481
Pa_2_8310	NLR	2	0.511047	-1.378404	0.00022989	0.000235	0.000213	1.104762	0	1446	1	4800	13	13.000000	6246
Pa_4_4680	NLR	4	0.506645	-1.550848	0.00029835	0.000261	0.000276	0.943479	0	1020	1	3441	13	12.895055	4469
Pa_5_8530	NLR	5	0.538254	0.264592	0.00092887	0.001051	0.000531	1.981396	0	870	3	2829	13	13.000000	3699
Pa_2_8450	NLR	2	0.497216	-0.460610	0.00050411	0.000597	0.000197	3.026516	0	780	2	2577	13	13.000000	3357
Pa_5_12630	NLR	5	0.494334	-1.468006	0.00009603	0.000125	0.000000	NA	0	741	0	2463	13	13.000000	3204
Pa_6_1090	NLR	6	0.542657	-0.950320	0.00021875	0.000116	0.000571	0.203194	1	1482	1	5082	13	13.000000	6564
Pa_5_10920	NLR	5	0.526732	-1.774967	0.00015183	0.000050	0.000162	0.306581	0	950	0	3100	13	13.000000	4053
nwd4	NLR	5	0.510385	-1.149147	0.00003258	0.000000	0.000139	0.000000	0	1111	0	3611	13	12.999788	4722
Pa_5_7640	NLR	5	0.512191	-0.660626	0.00021918	0.000206	0.000262	0.784723	0	1155	1	3753	12	12.000000	4908
Pa_1_400	NLR	1	0.515531	-0.589315	0.00081253	0.000715	0.001126	0.635465	1	1071	2	3333	13	13.000000	4418
Pa_3_9600	NLR	3	0.512596	-2.217452	0.00053918	0.000273	0.001419	0.192383	2	1192	1	3944	13	13.000000	5136
Pa_3_9890	NLR	3	0.506309	1.241842	0.00579983	0.004832	0.008603	0.561641	9	993	16	3258	13	12.915354	4253
Pa_4_1040	NLR	4	0.528586	-0.909202	0.00008303	0.000070	0.000124	0.567807	0	1241	0	4009	13	13.000000	5250
Pa_1_7130	NLR	1	0.489793	-1.468006	0.00008298	0.000108	0.000000	NA	0	858	0	2850	13	13.000000	3708
Pa_5_640+Pa_5_630	NLR	5	0.495241	-1.149147	0.00004288	0.000000	0.000191	0.000000	0	804	0	2784	13	13.000000	3588
Pa_7_5020	NLR	7	0.523606	-1.149147	0.00004903	0.000063	0.000000	NA	0	709	0	2429	13	13.000000	3138
Pa_5_11700	NLR	5	0.529149	-0.897559	0.00021999	0.000161	0.000408	0.394086	0	754	0	2393	13	13.000000	3147
Pa_1_10530	NLR	1	0.553939	NA	0.00000000	0.000000	0.000000	0.000000	0	367	0	1283	13	13.000000	1650
Pa_2_10310	NLR	2	0.501410	-0.598684	0.00054338	0.000173	0.001830	0.094462	2	897	1	3114	13	13.000000	4011
Pa_6_2410+Pa_6_2405	NLR	6	0.536874	-1.342087	0.00024655	0.000279	0.000135	2.062942	0	1136	1	3853	13	13.000000	4992
Pa_4_6095+Pa_4_6090	NLR	4	0.497203	-1.983348	0.00090952	0.000894	0.000966	0.925920	1	637	2	2150	13	13.000000	2791
Pa_7_3660	NLR	7	0.513885	-0.754436	0.00043459	0.000302	0.000874	0.345169	1	821	1	2719	13	13.000000	3540
Pa_5_10133+Pa_5_10134	NLR	5	0.489604	-1.468006	0.00010785	0.000000	0.000484	0.000000	0	635	0	2203	13	12.997897	2853
Pa_1_15280+Pa_1_15290	NLR	1	0.535538	-1.774967	0.00013234	0.000085	0.000294	0.288905	0	1048	0	3626	13	12.975484	4650
Pa_5_8000	NLR	5	0.495252	-0.829057	0.00030073	0.000112	0.000966	0.115641	1	716	0	2524	13	13.000000	3240
Pa_5_340	NLR	5	0.491528	-0.153330	0.00125193	0.001268	0.001196	1.059612	1	600	3	2124	13	12.999266	2724
Pa_5_12660	NLR	5	0.503342	0.432256	0.00073026	0.000893	0.000193	4.629394	0	798	2	2643	13	13.000000	3441
Pa_5_7560	NLR	5	0.524352	-1.140533	0.00004103	0.000000	0.000177	0.000000	0	940	0	3122	12	12.000000	4062
Pa_1_11370	NLR	1	0.516797	1.122161	0.00183861	0.001231	0.003914	0.314428	4	957	4	3243	13	12.651058	4207
Pa_2_4490+Pa_2_4500	NLR	2	0.530635	-1.149147	0.00004119	0.000053	0.000000	NA	0	855	0	2880	13	13.000000	3735
Pa_5_8190+Pa_5_8200	NLR	5	0.563807	-1.638800	0.00035715	0.000330	0.000444	0.744857	0	983	1	3181	13	13.000000	4164
PaPlp1	NLR	1	0.514278	1.986914	0.06227809	0.034240	0.092268	0.371095	85	926	111	3235	13	12.941685	4167
