Ortholog	pauciseta	comata	bellae-mahoneyi	pseudoanserina	pseudopauciseta	pseudocomata
Pa_0_80	0.0063281256	0.005058715	0.0075989051	0.0088727733	0.0056923548000000004	0.005693475999999999
Pa_1_10380	0.0079619031	0.011386196	0.0156748419	0.015996865199999998	0.0141906135	0.0090935587
Pa_1_11160	0.0076002885999999995	0.0069846495	0.0082816517	0.0101371874	0.0082347392	0.0088765643
Pa_1_13070	0.006708602500000001	0.0110210792	0.0116197712	0.0103870892	0.0110063709	0.0091898177
Pa_1_13790	0.0069217901	0.0077007477	0.0092522448	0.0107553716	0.0092235327	0.0038140749
Pa_1_15090	0.0034453546	0.0094881502	0.0068939186999999996	0.0051744375	0.007757872399999999	0.0043048302
Pa_1_15780	0.0024727277	0.0066201237	0.0091275544	0.0049579889999999995	0.003307036	0.0049758704
Pa_1_15810	0.0061498453	0.0105435941	0.0079098066	0.012345882899999999	0.011444363499999999	0.0070049243
Pa_1_16990	0.0055300137	0.0066373543	0.0106861628	0.0095796493	0.0103311567	0.0069910095
Pa_1_19800	0.0073453707	0.0091869512	0.0094964169	0.0101920003	0.008626753000000001	0.0098140189
Pa_1_19870	0.007631054	0.006938237999999999	0.0113718753	0.0098445831	0.0083749296	0.0099107667
Pa_1_2130	0.0077530348	0.0109259101	0.0132363617	0.0100523687	0.0106341346	0.008899933499999998
Pa_1_21770	2e-06	0.006908093099999999	0.012878440900000001	0.0068872692	0.0078750025	NA
Pa_1_23870	0.0075938665	0.0102629808	0.010718738200000001	0.0093684754	0.0107106958	0.006237429
Pa_1_24450	0.0116854018	0.0151346395	0.0217930321	0.0201894341	0.0201933906	0.015157929400000002
Pa_1_2740	0.008691306	0.0065047669	0.0092355345	0.004877265899999999	0.0043335014	0.0043322337
Pa_1_410	0.0136561301	0.0115713128	0.0153365339	0.013231570199999999	0.0124027407	0.0128133885
Pa_1_5130	0.0056447608	0.0050302161	0.0069578980000000006	0.011423694	0.009555968	0.0108334474
Pa_1_5700	0.0066858832	0.0098449888	0.0110328333	0.0102349623	0.0122164479	0.011038016800000001
Pa_2_10990	0.0129077087	0.0139103151	0.0199773278	0.014906940899999999	0.0179265737	0.0119115677
Pa_2_11200	0.0044648032	0.0035698792	0.0035678808	0.0053536713	0.0044652497	0.0035698782000000004
Pa_2_1170	0.0116295018	0.008479121999999999	0.0116080346	0.0092515428	0.0108126489	0.0132392278
Pa_2_13990	0.004764441100000001	0.009016510799999999	0.0149287788	0.0079496698	0.007418380699999999	0.0047634411
Pa_2_14140	0.004755832	0.0087274858	0.008730410000000001	0.006338227500000001	0.0071355369	0.0071339425000000005
Pa_2_3000	0.0039012803	0.0102652997	0.0097622256	0.0092762409	0.010755510999999999	0.0092814872
Pa_2_3545	0.0112204882	0.0158234802	0.019278766500000002	0.0170965036	0.017091606500000002	0.019283823800000002
Pa_2_7080	0.0087890461	0.0106809241	0.01320846	0.0100422591	0.011299669799999999	0.009418266
Pa_2_7130	0.0046962083	0.0061655345	0.00558088	0.0046956001	0.004400398099999999	0.006461632699999999
Pa_2_800	0.007097022600000001	0.007098515	0.007716688100000001	0.0055527322	0.0067838597	0.0070983382
Pa_2_8165	0.011407701400000001	0.012415579900000001	0.014415303899999999	0.015398817799999999	0.013451681699999999	0.013417193300000001
Pa_2_9380	0.0056449357	0.0063883902999999995	0.0120890451	0.0075150095	0.0078968019	0.0071471563
Pa_2_9940	0.0076965569	0.0069218430000000004	0.0038429794	0.0046126667	0.0046122323	0.0069266186
Pa_3_11050	0.0079436505	0.0183149171	0.0265216731	0.0182532006	0.019409713000000002	0.015753872000000002
Pa_3_11150	0.0118177839	0.014910519899999999	0.0170484333	0.0217824889	0.024384422	NA
Pa_3_11440	0.0221303307	0.0212699081	0.0279500334	0.0202084594	0.024798075699999998	0.0209987596
Pa_3_11500	0.0081817798	0.012480500799999999	0.0184080539	0.016039245799999997	0.0135502986	0.0106708743
Pa_3_1600	0.0102307349	0.011293602199999999	0.008506851000000001	0.0115754202	0.0122385433	0.0094116366
Pa_3_2640	0.0347129556	0.0384865644	0.0390313283	0.0393540967	0.036805875	NA
Pa_3_4200	0.0044177387	0.0078765082	0.0057106528	0.0066761754	0.0088319176	0.0049961025
Pa_3_4260	0.0096555561	0.013206822699999999	0.011127845800000001	0.0100204709	0.009286922199999999	0.0130505633
Pa_3_5080	0.0039888206	0.0048777333	0.007999403	0.0079982151	0.008444570200000001	0.007098912
Pa_3_5390	0.0213720798	0.013555068699999999	0.014520471100000001	0.016454168499999998	0.0154911581	0.009679893
Pa_3_5460	0.0129772148	0.0123805431	0.0159393992	0.011186173300000001	0.0123727824	0.0088223538
Pa_3_5540	0.015425093099999999	0.0083416008	0.0167223017	0.0186385476	0.0173697285	0.0134824015
Pa_3_7600	0.0091903266	0.0118300286	0.0085433597	0.0098479414	0.011156099	0.013139897599999999
Pa_3_8350	0.005419168	0.0091075227	0.0201128699	0.007318346999999999	0.0067072933	0.0084256422
Pa_3_8630	0.0090353012	0.0093365615	0.013543452899999999	0.0165059561	0.014001922299999999	0.012344358
Pa_3_9200	0.0084546676	0.012973827600000001	0.0129690804	0.010943689199999999	0.011446834	0.0114905801
Pa_4_1100	0.0038568475	0.0006403786	0.0319974534	0.024873864000000002	0.027700056800000004	0.025327133800000002
Pa_4_2540	0.0113118505	0.0107006238	0.016112278600000002	0.0113186581	0.010718644999999999	0.0083205781
Pa_4_280	0.0133120573	0.0183488455	0.0144392798	0.026181819199999998	0.0301330839	0.0166534447
Pa_4_290	0.0084603756	0.0084563725	0.010189230300000001	0.0110169799	0.012703022100000001	0.008462226
Pa_4_3470	0.008839651399999999	0.0079335694	0.0123531864	0.0105818838	0.0114637229	0.0096982652
Pa_4_7380	0.0056849042	0.006949694	0.0095013786	0.0091747035	0.0079069529	0.0082210157
Pa_4_7600	0.0081448868	0.0075733250000000005	0.0125162499	0.0118031235	0.0118511251	0.0097145677
Pa_5_10620	NA	0.0500476978	NA	0.0470127883	0.0428334949	0.0412264611
Pa_5_10740	0.0262428366	0.030558868700000005	0.0434748524	0.035184728600000006	0.033183670000000005	NA
Pa_5_11550	0.0027848977	0.0027904472000000002	0.0083934396	0.0037165328	0.0046518397	0.0046186384
Pa_5_11813	0.0408912102	0.030294018	0.0348563019	0.0321680675	NA	0.033466990099999996
Pa_5_12300	0.0181116529	0.0285056296	0.0260021775	0.0174741384	0.0151039577	0.032085345200000004
Pa_5_1270	0.0221113905	0.0115459617	0.0175111427	0.011347207599999999	0.013067543899999999	0.012250666399999999
Pa_5_140	0.0106640449	0.0106544237	0.01380368	0.012546243700000001	0.0119122462	0.0150725752
Pa_5_1750	0.0072643568	0.0113425733	0.0105065156	0.009691684400000001	0.0072621244	0.009325206499999999
Pa_5_2690	0.0092479203	0.008901173799999999	0.0117986749	0.013399240699999999	0.0127055544	0.00890116
Pa_5_3030	0.0059850629	0.007839584	0.013496302000000002	0.0166202165	0.0160338555	0.0090914907
Pa_5_3840	0.0087444489	0.015263608	0.0128318563	0.007453294	0.0122147044	0.022440069700000002
Pa_5_4730	0.0124821948	0.012995283100000001	0.0179621372	0.0124505629	0.0119055063	0.0140750567
Pa_5_5570	0.007972509	0.0087745929	0.0107862786	0.0112147243	0.0120255864	0.008774486699999999
Pa_5_5690	0.0145280842	0.011614053	0.019378938999999998	0.014509363899999999	0.0154805209	0.0154785249
Pa_5_6300	0.0051890075	0.0090322527	0.0093138139	0.0095763959	0.0106811463	0.008211787
Pa_5_670	0.0107912979	0.015891749099999998	0.0180529807	0.0151216533	0.015848043200000002	0.012952371
Pa_5_6830	0.0131924584	0.014826186600000001	0.015897548900000003	0.016454406900000003	0.017075939000000002	0.0156143927
Pa_5_7040	0.0052112115	0.0069569167	0.0174712459	0.0069628276	0.0078337507	0.007827716200000001
Pa_5_8380	2e-06	0.0080111938	0.007162941000000001	0.0069863662	0.0090079037	0.0126069617
Pa_6_10690	0.0133405795	0.0126447074	0.0216006293	0.0164314812	0.015798715	0.0171751863
Pa_6_10850	0.013467233700000001	0.0100267788	0.012133379	0.015494626800000001	0.017185638399999998	0.0117109226
Pa_6_1210	0.0088139357	0.006885093	0.0084238985	0.008415958800000001	0.0080312742	0.0068839169
Pa_6_2760	0.012353428	0.014997079600000001	0.0123488391	0.0167765717	0.0194561538	0.015008878
Pa_6_3070	0.0096169929	0.0057645799000000005	0.0115791947	0.0076915283	0.0100901264	0.0110780198
Pa_6_3220	0.007903661900000001	0.0114116256	0.0070192759	0.0149437406	0.014069339299999999	0.0105338105
Pa_6_3340	0.0095987111	0.0096048138	0.0071954643	0.0139551057	0.0139410302	0.0105640974
Pa_6_4130	0.009211655400000001	0.009928699000000001	0.0157500457	0.0170891939	0.018501954900000003	0.009919897300000001
Pa_6_4250	0.011610730900000001	0.010477476900000001	0.0120140035	0.0142351653	0.015726554099999998	0.0127012774
Pa_6_5720	0.0065324548	0.0081720362	0.0087385178	0.0098050248	0.0091541022	0.0081708867
Pa_6_5880	0.0031900384	0.0031939755	0.0064158051	0.0080924846	0.0089107854	0.0056001209
Pa_6_6010	0.0059280643	0.009492454800000001	0.011873332399999999	0.011876340400000001	0.013058305899999999	0.0106831239
Pa_6_6860	0.0087320021	0.015592631999999999	0.011645601299999999	0.0097082057	0.0106792052	0.009706496799999999
Pa_6_7100	0.0009956753999999998	0.0093140401	0.0159110991	0.019007067000000002	0.0190542456	0.014498941500000001
Pa_6_7770	0.0092191439	0.027997423100000002	0.020607012700000003	0.0339300285	0.037244349600000004	0.0115045906
Pa_6_8460	0.0096811885	0.0102209126	0.016746245700000002	0.0129820318	0.0124354949	0.0123908913
Pa_7_11300	0.0082512476	0.008862448700000001	0.0101343742	0.0082241711	0.008229757800000001	0.0069593628000000005
Pa_7_11560	0.0083470832	0.0154525072	0.0118891566	0.0108614673	0.0094901394	0.0091750429
Pa_7_2690	0.0098162904	0.0114648786	0.0168411096	0.0135222048	0.0139339372	0.0106430593
Pa_7_2990	0.0038708578000000004	0.0090260631	0.016187586900000002	0.012910899200000001	0.0135596447	0.010320765400000001
Pa_7_3720	0.0102592723	0.0194788689	0.0201548581	0.0200516367	0.020624771400000002	0.014270233700000001
Pa_7_4040	0.0195044693	0.018795988899999998	0.0261403782	0.022120719100000002	0.0248643148	0.018656467200000002
Pa_7_4900	0.0135390689	0.017644183199999997	0.013535597600000001	0.016261918299999997	0.0189611267	0.011498044499999999
Pa_7_7260	0.0053445901	0.010390606	0.0094242199	0.0110058538	0.0106870729	0.008473802400000001
Pa_7_9193	0.0070360310999999995	0.0162753081	0.022130996899999998	0.0155516859	0.0161211486	0.0178941213
Pa_7_9920	0.0069146953	0.009684597999999999	0.0110682333	0.007599708700000001	0.0082938135	0.0082929565
nwd5	0.0009262278	0.044778194300000004	0.051730566500000005	0.0431578356	0.0418132116	0.04008079379999999
nwd2	0.034899517199999994	0.0279610707	0.039715895699999997	0.0283866163	NA	0.0288482625
nwd3	0.023738609600000002	0.0363766488	0.0461280352	0.037388413999999995	0.1009959554	NA
nwd1	0.0167591967	NA	NA	0.020793033199999998	0.0212439908	0.019263118
het-e	0.033196165	0.0254177031	NA	0.033639994	0.0335965564	NA
hnwd3	NA	NA	NA	NA	NA	NA
nwd6	0.1857434271	0.203073286	NA	0.2030419819	0.1984720094	0.1951918744
nwdp-2	NA	NA	NA	NA	NA	NA
het-d	NA	NA	NA	NA	NA	NA
hnwd1	0.0007027845	0.07884759300000001	0.0716258349	0.0749406358	0.0752640531	0.08819554010000001
het-r	0.016937925399999998	0.020258272100000002	0.0343659703	0.038331994800000005	0.0399157024	0.0190487653
Pa_2_8180	0.0588892475	0.0519788793	0.1372249104	0.060733752200000005	0.0612929595	0.0694780087
Pa_3_8560	NA	0.0365090712	0.033976472699999996	0.0342287835	0.0331931214	0.033876005699999996
Pa_6_7270	0.0192058441	NA	0.037566209399999995	0.0180827423	0.017463873	0.014668383400000002
Pa_7_10370	0.027132305	0.05875486290000001	0.069618098	0.03872274319999999	0.0429738729	0.0432069146
Pa_2_10340	0.0435469946	0.0400802043	0.043519106099999996	0.040515523799999995	0.0448776272	0.039359197799999995
Pa_6_7950+Pa_6_7955	0.0021377686999999998	0.0594205832	NA	0.046882086700000006	0.0485834631	0.049584391900000004
PaPnt1	2.1176e-06	0.0658586992	0.0733925002	NA	NA	0.028051579799999997
Pa_7_3550	0.0007611100000000001	0.0494697591	0.0311782365	0.0275993243	0.0268520241	0.026497005200000003
Pa_6_8850+Pa_6_8860	NA	0.016653663399999998	0.0174624189	NA	NA	NA
PaFnt1	0.0537953159	0.07905918249999999	0.0549696026	0.0782750309	0.0781624534	0.0734736126
Pa_3_8170	0.02237295	0.2791066711	0.2762666694	0.2664159685	0.26629350379999994	0.274088887
Pa_2_8310	0.0130457061	0.033955130199999996	0.0393663689	0.033290222	0.0333543366	0.0328314386
Pa_4_4680	0.0196232882	0.0236316818	0.0294289614	0.0306174121	0.030178146	0.0221265993
Pa_5_8530	0.0099625371	0.0170494172	0.017655562399999998	0.0141198824	0.0146997213	0.0187954878
Pa_2_8450	0.0153732234	0.0199310589	0.020440872800000003	0.0192173145	0.0222389841	0.015888144200000003
Pa_5_12630	0.0003131524	0.021132815800000003	0.030252470500000003	0.019168857100000002	0.016712246200000003	0.0192110505
Pa_6_1090	0.0090500491	0.0087312256	0.011308894900000001	0.0105789187	0.011373823500000001	0.009999943399999999
Pa_5_10920	0.0172043136	0.0220065943	NA	0.04395180559999999	0.04748867389999999	0.0322121479
nwd4	0.0132406619	0.015350362999999999	0.0329419387	0.025530265400000002	0.025545012	0.8065834305
Pa_5_7640	0.0006114612000000001	NA	0.0156330158	NA	NA	0.0131799703
Pa_1_400	0.0205833273	0.0295605071	0.0391538913	0.0325327895	0.034044662	0.0267194267
Pa_3_9600	0.008639756	0.0122033743	0.0172332171	0.0080177167	0.0078205272	0.012724782899999999
Pa_3_9890	0.024241481699999998	0.0269532097	0.0278882254	0.0640871992	0.0648051325	0.041505079199999996
Pa_4_1040	0.0039952973	0.0005695135	0.024913074	0.018506471700000002	0.0192746685	0.016425761400000002
Pa_1_7130	0.0111060053	0.0105709415	0.0229801097	0.0203502286	0.0229146894	0.018287911599999998
Pa_5_640+Pa_5_630	0.0117939759	0.0098467316	0.0154832505	0.0142814565	0.0142784718	0.0145754192
Pa_7_5020	0.0134269248	0.013426130999999997	0.0163176085	0.0172735516	0.017589890099999998	0.015022963
Pa_5_11700	0.0179576976	0.0231640379	0.0260375676	0.0221267661	0.023383701	0.0218927425
Pa_1_10530	0.014644546100000001	0.0208400655	0.0245698345	0.0177252965	0.018329783199999998	0.029628729
Pa_2_10310	0.0114661806	0.0160631044	0.0183593627	0.0187139412	0.0164667148	0.013926357899999998
Pa_6_2410+Pa_6_2405	0.0126471942	0.0183858922	0.0272827251	0.012405701199999999	0.0138609716	0.014700621099999998
Pa_4_6095+Pa_4_6090	0.0263325372	0.029494211	0.030189917499999996	0.0438443778	0.0446683839	0.024971844899999998
Pa_7_3660	0.013108780399999999	0.029807562899999997	0.0308741336	0.021883675	0.023431174199999998	0.015615780400000001
Pa_5_10133+Pa_5_10134	0.0155334318	0.0246088666	NA	0.0375956559	0.03912738229999999	0.031847974
Pa_1_15280+Pa_1_15290	0.0132235287	0.0127850633	0.0174170313	0.014846745500000001	0.0155577631	0.0142893199
Pa_5_8000	0.0006188278	0.0173849405	0.028849051500000004	0.0142640778	0.010038390800000001	0.008986778
Pa_5_340	NA	NA	NA	NA	NA	NA
Pa_5_12660	0.0058367252	0.020620318	NA	0.025513810100000003	0.025803619200000003	NA
Pa_5_7560	NA	NA	NA	NA	NA	NA
Pa_1_11370	0.015554826099999999	0.0174894744	0.022227767699999998	0.019470270499999998	0.029831658	0.0181910516
Pa_2_4490+Pa_2_4500	0.0088930175	NA	NA	0.1605864674	0.1611115172	0.1590357898
Pa_5_8190+Pa_5_8200	0.0081919015	0.0221984502	0.026319186199999997	0.009402389	0.0113326168	0.0081925563
PaPlp1	0.0095247086	0.1763715538	0.1824197359	0.1767760072	0.0136128593	0.010940784299999999
